10000000011001100111000001100010
00000000000000000000001010010011
00000000000000000111001010010011
10000000011001100000000001100011
00000000000000000110001010010011
00000001010000110010001100010011
00000000000100101100001100010011
00000000010010001101010000010011
01000000010110000001011000010011
01000000010010001101010000010011
00000000000100000000001010110011
00000000000100000010001010110011
00000000000100000011001010110011
00000000000100000100001010110011
00000000000100000101001010110011
01000000000100000101001010110011
00000000000100000110001010110011
00000000000100000111001010110011
00000000001000011001001000110011
01000000001100001000001100110011
00000000001000001000001000100011
10000000001000001000001000100011
10000000001000001001001000100011
10000000001000001010001000100011
10000000000000001000001100000011
10000000000000001001011100000011
00000000000000001010000100000011
00000000000000010011001100000011
00000000000000010100001100000011
10000000011001100000000001100010
10000000011001100001000001100010
10000000011001100100000001100010
10000000011001100101000001100010
10000000011001100110000001100010
10000000011001100111000001100010
10000000000000100000000101110000
00000010000100000111001010110011
00000010000100000110001010110011
00000010000100000101001010110011
00000010000100000100001010110011
00000010000100000011001010110011
00000010000100000010001010110011
00000010000100000001001010110011
00000010000100000000001010110011
00000010000100000111001010010111
00000010000100000111001010110111
00000010000100000111001010110000
00000000000100011011010110010011




